37676={
	first_name="Maurikios"
	birth=1041.7.28
	was_playable=yes
	nickname=nick_the_child_of_devilgod
	nickname_text="the Spawn of Satan"
	ethnicity=mediterranean_byzantine
	faith=11
	dynasty_house=6247
	skill={ 21 20 20 19 20 20 }
	prowess_age=-38
	trait_xp_amounts={ 0 5 30 100 95 0 0 }
	dna="cPlw+Y12jXYcshyyAHsAewB/AH8AfQB9AGUAZQB7AHsBgwGDAYwBjAG6AboAOAA4AYkBiQBoAGgAbQBtAYwBjAGlAaUBnAGcAFwAXAB+AH4BrQGtAYkBiQGEAYQAdAB0AYwBjAGUAZQAfAB8AHYAdgGyAbIAWwBbAYABgABuAG4AUQBRAZUBlQBwAHABAQEBAQwBDAERAREBMgEyABwAHABJAEkAOQA5AB4AHgG8AbwAdQB1ACUAJQEmASYBMAEwAG0AbQEIAQgADgAOAVoBWgCNAI0AKAAoAVEBUQAYABgAdAB0ACkAKQB+AH4BHAEcABkAGQC2ALYBCgEKARkBGQAhACEBAAEAAAsACwEpASkAZABkAV0BXQESARIBEwETAAIAAgENAQ0AIQAhACEAIQFsAWwDmQOZALAAsADZANkAfAB8AQkBCQEJAQkBDAEMAM0AzQBhAGECUgJSAocChwDoAOgCAAIABJoEmgF8AXwCgAKACAAIAAmdCZ0ATQBNCokKiQPdA90AaABoAYwBjAHbAdsApQClAAAAAAH5Afk="

	portrait_override={
		portrait_modifier_overrides={
			custom_beards=male_beard_western_08
			custom_hair=male_hair_western_07
		}
	}
	mass=16
	traits={ 47 81 61 64 14 38 25 27 34 36 37 30 28 244 101 281 229 211 213 88 210 188 143 149 155 122 274 }
	family_data={
		spouse=39419
		spouse=51662
		former_spouses={ 39419 51662 }
		child={ 41883 43511 45219 16802950 16820930 47230 16814334 16813364 53425 33599510 62988 63447 64916 16838315 68876 }
	}

	dead_data={
		date=1129.7.9
		reason=death_old_age
		liege=37676
		liege_title=1184
		domain={ 1184 1338 1382 1352 1198 1339 12638 1353 1363 1368 1340 1344 2133 1199 1207 1201 1358 1348 1274 1278 1948 6550 3852 1591 1354 1357 1364 1366 1369 1341 1343 1345 2134 2136 1200 1208 1210 1211 1202 1206 1359 1361 1362 1349 2135 1275 1279 1280 1949 6551 3853 3856 1592 1595 }
		kills={ 20416 22331 37680 39438 39440 40249 41475 44678 45444 49859 51662 55723 55915 16796652 16802386 16802972 16804302 16806895 16808922 16817126 16820211 16821023 16822516 16823402 16824562 16824814 16834963 33580776 33596144 33609834 50362277 }
		memories={ 1808 1929 8092 9602 12765 12766 16781420 16780126 20510 67112169 16781787 16786639 16790671 16802865 34437 35406 50336039 45978 16780619 47695 54149 16832091 50352962 57451 57551 58395 58523 33565636 16832594 16831901 16832165 16829342 16813012 16835679 68061 16843044 33588419 50355363 16824216 50374346 16842424 33574799 33598216 80884 80885 16849257 16849254 16849250 81290 16816120 50349427 100691448 33563995 16851739 16851865 33628447 16852040 16846603 67162043 50365715 50391027 50398111 85521 33610616 85986 33632885 16862837 50369414 16797719 87985 87988 50401230 33570016 16858242 100709724 33595665 50400620 50355582 16865014 88654 33558742 89086 50371524 16807564 90000 67111851 16844053 16783234 50340827 33584254 16861172 50346933 16843181 50370012 16861228 16861226 67149598 33560027 33579380 50346601 93083 33595513 93415 67127512 100668275 50383785 67115896 67174835 50363288 94205 94239 117460083 95195 33574516 67138133 50379555 95873 33634799 16827009 83910158 117495225 96653 100725955 50361390 33555084 100552 100592 16855858 33643957 100782 50337801 50361768 50347019 67155937 33647920 16800695 16821877 83921122 50337170 33566841 33633343 33647791 16842132 16882448 16859952 16887310 100682670 50412786 16885695 112548 114095 50363016 83893110 33637209 33570291 115284 33593756 50433255 115829 115831 50408861 116965 33670196 117270 117966 16895295 16886197 16886218 16857743 83891009 122574 33659752 16847122 123870 124314 100679134 50338941 33668966 33629953 125505 67171273 126585 16817584 16786337 126605 126628 117510647 16904163 }
		government=administrative_government
	}

}